0 
0 
0 
0 
0 
0 
0 
0 
0 
0 
0 
0 
0 
0 
0 
0 
0 
0 
0 
0 
0 
0 
0 
0 
0 
0 
0 
0 
0 
0 
0 
0 
0 
0 
0 
0 
0 
0 
0 
0 
0 
0 
0 
0 
0 
0 
0 
0 
0 
0 
0 
0 
0 
0 
0 
0 
0 
0 
0 
0 
0 
0 
2 
3 
4 
5 
0 
0 
0 
0 
0 
0 
0 
0 
0 
0 
0 
0 
0 
0 
0 
0 
0 
0 
0 
0 
0 
0 
0 
0 
0 
0 
0 
0 
0 
0 
0 
0 
0 
0 
0 
0 
0 
0 
0 
0 
0 
0 
0 
0 
0 
0 
0 
0 
0 
0 
0 
0 
0 
0 
0 
0 
0 
0 
0 
0 
-2020 
1705 
-1160 
191 
-1959 
-1153 
-128 
-788 
265 
711 
1813 
-582 
-1315 
-602 
914 
-1904 
1206 
-1731 
-847 
-146 
-768 
762 
-1599 
-1658 
1355 
1710 
1337 
988 
1101 
-1216 
-485 
1408 
1014 
262 
1227 
-649 
451 
-995 
-786 
38 
-174 
-572 
1383 
-143 
-1619 
-134 
1464 
-797 
-131 
-1008 
-165 
713 
-137 
508 
-714 
-911 
-756 
1742 
-1506 
1772 
1341 
1044 
0 
0 
0 
0 
0 
0 
0 
0 
0 
0 
0 
0 
0 
0 
0 
0 
0 
0 
0 
0 
0 
0 
0 
0 
0 
0 
0 
0 
0 
0 
0 
0 
0 
0 
0 
0 
0 
0 
0 
0 
0 
0 
0 
0 
0 
0 
0 
0 
0 
0 
0 
0 
0 
0 
0 
0 
0 
0 
0 
0 
0 
0 
