CFO=11613.122102777881,STO=5
SNRdB=33.19,TXPdB=1
packet_number=1,correct=True,payload=[0,1,2,3,4,5,6,7,8,9,10,11,12,13,14,15,16,17,18,19,20,21,22,23,24,25,26,27,28,29,30,31,32,33,34,35,36,37,38,39,40,41,42,43,44,45,46,47,48,49,50,51,52,53,54,55,56,57,58,59,60,61,62,63,64,65,66,67,68,69,70,71,72,73,74,75,76,77,78,79,80,81,82,83,84,85,86,87,88,89,90,91,92,93,94,95,96,97,98,99]
CFO=11534.380456658866,STO=4
SNRdB=33.12,TXPdB=1
packet_number=2,correct=True,payload=[0,1,2,3,4,5,6,7,8,9,10,11,12,13,14,15,16,17,18,19,20,21,22,23,24,25,26,27,28,29,30,31,32,33,34,35,36,37,38,39,40,41,42,43,44,45,46,47,48,49,50,51,52,53,54,55,56,57,58,59,60,61,62,63,64,65,66,67,68,69,70,71,72,73,74,75,76,77,78,79,80,81,82,83,84,85,86,87,88,89,90,91,92,93,94,95,96,97,98,99]
CFO=12480.77905715491,STO=3
SNRdB=32.61,TXPdB=1
packet_number=3,correct=True,payload=[0,1,2,3,4,5,6,7,8,9,10,11,12,13,14,15,16,17,18,19,20,21,22,23,24,25,26,27,28,29,30,31,32,33,34,35,36,37,38,39,40,41,42,43,44,45,46,47,48,49,50,51,52,53,54,55,56,57,58,59,60,61,62,63,64,65,66,67,68,69,70,71,72,73,74,75,76,77,78,79,80,81,82,83,84,85,86,87,88,89,90,91,92,93,94,95,96,97,98,99]
CFO=11688.0008974663,STO=7
SNRdB=32.51,TXPdB=1
packet_number=4,correct=True,payload=[0,1,2,3,4,5,6,7,8,9,10,11,12,13,14,15,16,17,18,19,20,21,22,23,24,25,26,27,28,29,30,31,32,33,34,35,36,37,38,39,40,41,42,43,44,45,46,47,48,49,50,51,52,53,54,55,56,57,58,59,60,61,62,63,64,65,66,67,68,69,70,71,72,73,74,75,76,77,78,79,80,81,82,83,84,85,86,87,88,89,90,91,92,93,94,95,96,97,98,99]
CFO=12480.500157763801,STO=3
SNRdB=32.30,TXPdB=1
packet_number=5,correct=True,payload=[0,1,2,3,4,5,6,7,8,9,10,11,12,13,14,15,16,17,18,19,20,21,22,23,24,25,26,27,28,29,30,31,32,33,34,35,36,37,38,39,40,41,42,43,44,45,46,47,48,49,50,51,52,53,54,55,56,57,58,59,60,61,62,63,64,65,66,67,68,69,70,71,72,73,74,75,76,77,78,79,80,81,82,83,84,85,86,87,88,89,90,91,92,93,94,95,96,97,98,99]
CFO=325.0324571856934,STO=5
SNRdB=-4.63,TXPdB=1
packet_number=6,correct=False,payload=[99,41,40,10,47,185,181,174,176,21,62,166,156,160,32,54,180,206,95,72,221,253,11,215,106,141,163,148,253,181,254,217,185,209,238,168,206,7,201,236,197,14,87,193,84,107,13,154,123,29,160,189,42,73,145,38,183,180,84,250,87,248,101,52,102,33,187,138,38,241,158,7,51,153,241,40,91,16,176,105,131,157,138,8,42,66,208,49,210,171,148,184,56,184,89,228,46,66,225,150]
CFO=11533.28667775428,STO=2
SNRdB=32.49,TXPdB=1
packet_number=7,correct=True,payload=[0,1,2,3,4,5,6,7,8,9,10,11,12,13,14,15,16,17,18,19,20,21,22,23,24,25,26,27,28,29,30,31,32,33,34,35,36,37,38,39,40,41,42,43,44,45,46,47,48,49,50,51,52,53,54,55,56,57,58,59,60,61,62,63,64,65,66,67,68,69,70,71,72,73,74,75,76,77,78,79,80,81,82,83,84,85,86,87,88,89,90,91,92,93,94,95,96,97,98,99]
CFO=12475.07774647272,STO=4
SNRdB=32.22,TXPdB=1
packet_number=8,correct=True,payload=[0,1,2,3,4,5,6,7,8,9,10,11,12,13,14,15,16,17,18,19,20,21,22,23,24,25,26,27,28,29,30,31,32,33,34,35,36,37,38,39,40,41,42,43,44,45,46,47,48,49,50,51,52,53,54,55,56,57,58,59,60,61,62,63,64,65,66,67,68,69,70,71,72,73,74,75,76,77,78,79,80,81,82,83,84,85,86,87,88,89,90,91,92,93,94,95,96,97,98,99]
CFO=11530.380052807486,STO=1
SNRdB=33.40,TXPdB=1
packet_number=9,correct=True,payload=[0,1,2,3,4,5,6,7,8,9,10,11,12,13,14,15,16,17,18,19,20,21,22,23,24,25,26,27,28,29,30,31,32,33,34,35,36,37,38,39,40,41,42,43,44,45,46,47,48,49,50,51,52,53,54,55,56,57,58,59,60,61,62,63,64,65,66,67,68,69,70,71,72,73,74,75,76,77,78,79,80,81,82,83,84,85,86,87,88,89,90,91,92,93,94,95,96,97,98,99]
CFO=12433.105285385607,STO=5
SNRdB=33.88,TXPdB=1
packet_number=10,correct=True,payload=[0,1,2,3,4,5,6,7,8,9,10,11,12,13,14,15,16,17,18,19,20,21,22,23,24,25,26,27,28,29,30,31,32,33,34,35,36,37,38,39,40,41,42,43,44,45,46,47,48,49,50,51,52,53,54,55,56,57,58,59,60,61,62,63,64,65,66,67,68,69,70,71,72,73,74,75,76,77,78,79,80,81,82,83,84,85,86,87,88,89,90,91,92,93,94,95,96,97,98,99]
CFO=12089.129369684686,STO=4
SNRdB=28.55,TXPdB=2
packet_number=11,correct=True,payload=[0,1,2,3,4,5,6,7,8,9,10,11,12,13,14,15,16,17,18,19,20,21,22,23,24,25,26,27,28,29,30,31,32,33,34,35,36,37,38,39,40,41,42,43,44,45,46,47,48,49,50,51,52,53,54,55,56,57,58,59,60,61,62,63,64,65,66,67,68,69,70,71,72,73,74,75,76,77,78,79,80,81,82,83,84,85,86,87,88,89,90,91,92,93,94,95,96,97,98,99]
CFO=11381.38801380012,STO=0
SNRdB=27.74,TXPdB=2
packet_number=12,correct=False,payload=[137,202,10,74,138,203,11,75,139,204,12,76,140,205,13,77,141,206,14,78,142,207,15,79,143,208,16,80,144,209,17,81,145,210,18,82,146,211,19,83,147,212,20,84,148,213,21,85,149,214,22,86,150,215,23,87,151,216,24,88,152,240,192,0,120,0,0,1,72,0,0,0,8,0,0,32,8,2,66,37,51,175,24,98,171,131,68,254,119,108,52,212,158,63,111,131,57,123,112,0]
CFO=-1581.3044080392149,STO=4
SNRdB=nan,TXPdB=2
packet_number=13,correct=False,payload=[189,215,155,223,111,34,142,188,239,12,62,213,246,149,107,78,196,5,23,114,124,186,101,235,208,162,22,222,205,255,214,101,46,146,218,98,233,75,219,190,218,153,254,158,74,72,176,33,127,206,109,38,125,108,232,22,221,151,182,91,226,159,64,38,205,160,180,89,45,193,144,59,188,114,100,227,93,100,239,140,207,235,20,87,254,252,182,144,206,125,102,26,47,79,48,35,34,36,215,63]
CFO=12309.036796387094,STO=2
SNRdB=26.80,TXPdB=2
packet_number=14,correct=True,payload=[0,1,2,3,4,5,6,7,8,9,10,11,12,13,14,15,16,17,18,19,20,21,22,23,24,25,26,27,28,29,30,31,32,33,34,35,36,37,38,39,40,41,42,43,44,45,46,47,48,49,50,51,52,53,54,55,56,57,58,59,60,61,62,63,64,65,66,67,68,69,70,71,72,73,74,75,76,77,78,79,80,81,82,83,84,85,86,87,88,89,90,91,92,93,94,95,96,97,98,99]
CFO=150.94372702430303,STO=5
SNRdB=nan,TXPdB=2
packet_number=15,correct=False,payload=[221,33,73,51,134,139,187,120,218,162,255,47,84,234,157,254,167,11,31,135,245,185,91,201,209,247,186,141,136,131,119,180,22,155,65,59,220,150,1,20,29,131,122,5,209,135,148,185,168,221,80,124,208,120,103,73,210,227,45,162,226,232,189,77,133,203,111,234,187,54,247,133,164,229,149,159,16,219,164,138,169,161,138,61,52,107,21,183,153,76,57,211,103,35,93,132,133,36,134,191]
CFO=11849.274944693687,STO=1
SNRdB=27.14,TXPdB=2
packet_number=16,correct=True,payload=[0,1,2,3,4,5,6,7,8,9,10,11,12,13,14,15,16,17,18,19,20,21,22,23,24,25,26,27,28,29,30,31,32,33,34,35,36,37,38,39,40,41,42,43,44,45,46,47,48,49,50,51,52,53,54,55,56,57,58,59,60,61,62,63,64,65,66,67,68,69,70,71,72,73,74,75,76,77,78,79,80,81,82,83,84,85,86,87,88,89,90,91,92,93,94,95,96,97,98,99]
CFO=700.6227809495981,STO=2
SNRdB=-13.43,TXPdB=2
packet_number=17,correct=False,payload=[150,115,9,153,208,1,215,227,153,167,183,126,171,178,138,180,219,151,9,231,215,188,16,4,94,248,78,17,214,92,216,64,150,130,233,43,199,61,86,88,118,87,71,251,19,4,155,112,248,82,173,144,27,227,235,81,201,205,202,6,93,92,210,48,54,240,176,220,116,28,87,74,80,195,67,120,133,243,23,153,59,165,24,10,217,87,191,119,159,244,230,121,7,101,235,77,120,103,237,39]
CFO=11854.449761627357,STO=2
SNRdB=27.02,TXPdB=2
packet_number=18,correct=True,payload=[0,1,2,3,4,5,6,7,8,9,10,11,12,13,14,15,16,17,18,19,20,21,22,23,24,25,26,27,28,29,30,31,32,33,34,35,36,37,38,39,40,41,42,43,44,45,46,47,48,49,50,51,52,53,54,55,56,57,58,59,60,61,62,63,64,65,66,67,68,69,70,71,72,73,74,75,76,77,78,79,80,81,82,83,84,85,86,87,88,89,90,91,92,93,94,95,96,97,98,99]
CFO=2054.4362364532485,STO=1
SNRdB=27.14,TXPdB=2
packet_number=19,correct=False,payload=[137,202,10,74,138,203,11,75,139,204,12,76,140,205,13,77,141,206,14,78,142,207,15,79,143,208,16,80,144,209,17,81,145,210,18,82,146,211,19,83,147,212,20,84,148,213,21,85,149,214,22,86,150,215,23,87,151,216,24,88,152,240,196,68,173,128,16,137,66,33,78,67,73,80,153,42,205,36,30,65,226,235,101,94,129,169,27,67,204,4,187,251,211,46,218,51,238,187,149,5]
CFO=12002.785343564494,STO=3
SNRdB=26.96,TXPdB=2
packet_number=20,correct=True,payload=[0,1,2,3,4,5,6,7,8,9,10,11,12,13,14,15,16,17,18,19,20,21,22,23,24,25,26,27,28,29,30,31,32,33,34,35,36,37,38,39,40,41,42,43,44,45,46,47,48,49,50,51,52,53,54,55,56,57,58,59,60,61,62,63,64,65,66,67,68,69,70,71,72,73,74,75,76,77,78,79,80,81,82,83,84,85,86,87,88,89,90,91,92,93,94,95,96,97,98,99]
CFO=11596.754313341853,STO=4
SNRdB=24.69,TXPdB=3
packet_number=21,correct=True,payload=[0,1,2,3,4,5,6,7,8,9,10,11,12,13,14,15,16,17,18,19,20,21,22,23,24,25,26,27,28,29,30,31,32,33,34,35,36,37,38,39,40,41,42,43,44,45,46,47,48,49,50,51,52,53,54,55,56,57,58,59,60,61,62,63,64,65,66,67,68,69,70,71,72,73,74,75,76,77,78,79,80,81,82,83,84,85,86,87,88,89,90,91,92,93,94,95,96,97,98,99]
CFO=11610.865294439624,STO=5
SNRdB=24.70,TXPdB=3
packet_number=22,correct=True,payload=[0,1,2,3,4,5,6,7,8,9,10,11,12,13,14,15,16,17,18,19,20,21,22,23,24,25,26,27,28,29,30,31,32,33,34,35,36,37,38,39,40,41,42,43,44,45,46,47,48,49,50,51,52,53,54,55,56,57,58,59,60,61,62,63,64,65,66,67,68,69,70,71,72,73,74,75,76,77,78,79,80,81,82,83,84,85,86,87,88,89,90,91,92,93,94,95,96,97,98,99]
CFO=11723.204830813407,STO=7
SNRdB=23.27,TXPdB=3
packet_number=23,correct=True,payload=[0,1,2,3,4,5,6,7,8,9,10,11,12,13,14,15,16,17,18,19,20,21,22,23,24,25,26,27,28,29,30,31,32,33,34,35,36,37,38,39,40,41,42,43,44,45,46,47,48,49,50,51,52,53,54,55,56,57,58,59,60,61,62,63,64,65,66,67,68,69,70,71,72,73,74,75,76,77,78,79,80,81,82,83,84,85,86,87,88,89,90,91,92,93,94,95,96,97,98,99]
CFO=-218.05629424825108,STO=6
SNRdB=nan,TXPdB=3
packet_number=24,correct=False,payload=[139,246,111,227,123,192,21,131,206,233,255,101,65,162,208,130,40,155,80,0,97,147,169,0,143,46,120,78,194,84,249,92,73,187,88,74,89,56,228,67,169,227,17,220,222,215,176,240,10,183,83,226,240,239,53,119,191,161,90,98,121,22,190,225,131,228,79,175,20,13,255,171,73,32,61,47,228,251,20,98,18,40,41,10,135,216,203,124,101,25,9,217,220,73,219,73,228,178,0,205]
CFO=-163.33611809751267,STO=5
SNRdB=-26.05,TXPdB=3
packet_number=25,correct=False,payload=[93,9,145,119,91,40,45,23,153,68,234,156,139,54,155,224,142,166,209,38,215,239,122,254,81,88,183,75,102,88,85,105,93,97,253,102,38,44,40,221,1,41,78,95,56,17,77,56,173,46,116,153,111,203,71,132,215,0,5,131,82,62,165,112,193,127,196,162,219,117,108,239,189,187,28,138,220,150,52,64,51,5,189,134,45,226,101,62,186,41,96,92,11,182,105,124,6,137,201,213]
CFO=11868.344453401409,STO=4
SNRdB=22.19,TXPdB=3
packet_number=26,correct=True,payload=[0,1,2,3,4,5,6,7,8,9,10,11,12,13,14,15,16,17,18,19,20,21,22,23,24,25,26,27,28,29,30,31,32,33,34,35,36,37,38,39,40,41,42,43,44,45,46,47,48,49,50,51,52,53,54,55,56,57,58,59,60,61,62,63,64,65,66,67,68,69,70,71,72,73,74,75,76,77,78,79,80,81,82,83,84,85,86,87,88,89,90,91,92,93,94,95,96,97,98,99]
CFO=12011.244343124077,STO=3
SNRdB=18.34,TXPdB=4
packet_number=27,correct=True,payload=[0,1,2,3,4,5,6,7,8,9,10,11,12,13,14,15,16,17,18,19,20,21,22,23,24,25,26,27,28,29,30,31,32,33,34,35,36,37,38,39,40,41,42,43,44,45,46,47,48,49,50,51,52,53,54,55,56,57,58,59,60,61,62,63,64,65,66,67,68,69,70,71,72,73,74,75,76,77,78,79,80,81,82,83,84,85,86,87,88,89,90,91,92,93,94,95,96,97,98,99]
CFO=-12369.209814337522,STO=2
SNRdB=17.36,TXPdB=4
packet_number=28,correct=False,payload=[255,255,255,255,255,255,255,255,255,255,255,255,255,255,255,255,255,255,255,255,255,255,255,255,255,255,255,255,255,255,255,255,255,255,255,255,255,255,255,255,255,255,255,255,255,255,255,255,255,255,255,255,255,255,255,255,255,255,255,255,255,255,255,255,255,255,255,255,255,255,255,255,255,255,255,255,255,255,255,255,255,255,255,255,255,255,255,255,255,255,255,255,255,255,255,255,255,255,255,255]
CFO=12046.165582530537,STO=6
SNRdB=17.41,TXPdB=4
packet_number=29,correct=True,payload=[0,1,2,3,4,5,6,7,8,9,10,11,12,13,14,15,16,17,18,19,20,21,22,23,24,25,26,27,28,29,30,31,32,33,34,35,36,37,38,39,40,41,42,43,44,45,46,47,48,49,50,51,52,53,54,55,56,57,58,59,60,61,62,63,64,65,66,67,68,69,70,71,72,73,74,75,76,77,78,79,80,81,82,83,84,85,86,87,88,89,90,91,92,93,94,95,96,97,98,99]
CFO=-228.9939498919865,STO=4
SNRdB=-16.82,TXPdB=1.5
packet_number=30,correct=False,payload=[135,80,37,144,131,88,57,116,211,187,141,255,100,77,151,157,72,115,195,241,196,159,11,221,102,180,35,128,170,255,244,210,34,251,201,210,211,133,35,55,66,223,28,215,108,164,23,52,149,155,113,212,144,14,136,214,85,132,197,99,190,201,242,1,74,138,124,34,17,101,190,140,63,138,79,163,252,27,153,130,95,136,177,238,166,79,122,130,60,218,255,243,237,212,162,167,189,244,139,152]
CFO=12410.131185202361,STO=1
SNRdB=32.88,TXPdB=1.5
packet_number=31,correct=True,payload=[0,1,2,3,4,5,6,7,8,9,10,11,12,13,14,15,16,17,18,19,20,21,22,23,24,25,26,27,28,29,30,31,32,33,34,35,36,37,38,39,40,41,42,43,44,45,46,47,48,49,50,51,52,53,54,55,56,57,58,59,60,61,62,63,64,65,66,67,68,69,70,71,72,73,74,75,76,77,78,79,80,81,82,83,84,85,86,87,88,89,90,91,92,93,94,95,96,97,98,99]
CFO=-130.02782904934827,STO=2
SNRdB=-8.02,TXPdB=1.5
packet_number=32,correct=False,payload=[251,81,23,106,224,190,24,72,197,49,52,219,172,245,178,110,161,149,54,174,239,11,239,117,238,19,151,237,228,173,42,241,128,138,37,1,43,147,167,42,154,91,165,138,233,182,46,189,101,66,92,203,35,119,94,113,24,79,163,188,246,174,193,149,145,255,248,10,179,137,10,53,193,106,245,57,44,248,177,65,161,203,54,55,60,64,214,33,36,138,98,86,222,139,195,67,16,249,14,104]
CFO=12404.288527549847,STO=1
SNRdB=31.85,TXPdB=1.5
packet_number=33,correct=True,payload=[0,1,2,3,4,5,6,7,8,9,10,11,12,13,14,15,16,17,18,19,20,21,22,23,24,25,26,27,28,29,30,31,32,33,34,35,36,37,38,39,40,41,42,43,44,45,46,47,48,49,50,51,52,53,54,55,56,57,58,59,60,61,62,63,64,65,66,67,68,69,70,71,72,73,74,75,76,77,78,79,80,81,82,83,84,85,86,87,88,89,90,91,92,93,94,95,96,97,98,99]
CFO=-154.4952030558226,STO=6
SNRdB=-12.61,TXPdB=1.5
packet_number=34,correct=False,payload=[198,249,228,32,225,46,87,164,248,88,82,144,206,63,169,148,193,156,168,159,131,144,144,254,53,143,92,50,115,60,23,197,26,52,210,236,54,162,160,92,51,91,131,61,37,217,193,102,52,34,252,40,126,216,21,148,100,2,100,94,243,141,30,203,162,9,25,5,194,211,250,253,55,16,7,129,111,234,81,162,234,148,216,33,47,5,82,233,216,18,186,81,58,213,142,206,55,242,194,133]
CFO=12361.369326352778,STO=0
SNRdB=32.06,TXPdB=1.5
packet_number=35,correct=True,payload=[0,1,2,3,4,5,6,7,8,9,10,11,12,13,14,15,16,17,18,19,20,21,22,23,24,25,26,27,28,29,30,31,32,33,34,35,36,37,38,39,40,41,42,43,44,45,46,47,48,49,50,51,52,53,54,55,56,57,58,59,60,61,62,63,64,65,66,67,68,69,70,71,72,73,74,75,76,77,78,79,80,81,82,83,84,85,86,87,88,89,90,91,92,93,94,95,96,97,98,99]
CFO=-398.98985816928086,STO=5
SNRdB=-9.26,TXPdB=1.5
packet_number=36,correct=False,payload=[209,209,54,139,85,41,2,89,122,187,177,125,248,22,186,224,125,199,2,33,185,109,131,245,147,3,255,74,107,157,23,110,182,76,47,68,209,199,53,242,112,242,148,233,122,91,218,98,245,86,126,62,196,90,108,217,129,255,220,228,69,187,120,219,233,224,135,28,184,106,51,156,72,221,33,155,238,136,186,135,246,137,13,75,239,201,155,23,79,3,108,157,187,12,173,14,36,49,117,70]
CFO=12334.461226935082,STO=0
SNRdB=31.30,TXPdB=1.5
packet_number=37,correct=True,payload=[0,1,2,3,4,5,6,7,8,9,10,11,12,13,14,15,16,17,18,19,20,21,22,23,24,25,26,27,28,29,30,31,32,33,34,35,36,37,38,39,40,41,42,43,44,45,46,47,48,49,50,51,52,53,54,55,56,57,58,59,60,61,62,63,64,65,66,67,68,69,70,71,72,73,74,75,76,77,78,79,80,81,82,83,84,85,86,87,88,89,90,91,92,93,94,95,96,97,98,99]
CFO=-377.8965501809236,STO=2
SNRdB=-11.34,TXPdB=1.5
packet_number=38,correct=False,payload=[136,105,204,205,236,173,238,88,228,11,93,42,73,251,179,31,226,14,111,33,76,94,147,88,78,153,10,41,96,210,182,192,108,88,232,35,142,186,209,82,41,36,37,153,144,173,54,218,167,133,248,117,8,65,193,37,33,51,134,169,18,127,17,14,138,179,53,172,52,250,57,152,102,206,76,84,87,63,164,44,173,247,100,119,134,166,27,83,129,24,236,59,242,11,17,137,87,166,237,117]
CFO=12319.513547663986,STO=7
SNRdB=31.65,TXPdB=1.5
packet_number=39,correct=True,payload=[0,1,2,3,4,5,6,7,8,9,10,11,12,13,14,15,16,17,18,19,20,21,22,23,24,25,26,27,28,29,30,31,32,33,34,35,36,37,38,39,40,41,42,43,44,45,46,47,48,49,50,51,52,53,54,55,56,57,58,59,60,61,62,63,64,65,66,67,68,69,70,71,72,73,74,75,76,77,78,79,80,81,82,83,84,85,86,87,88,89,90,91,92,93CFO=2859.711507888867,STO=3
SNRdB=-8.81,TXPdB=2.5
packet_number=40,correct=False,payload=[13,160,5,3,0,155,26,77,65,40,45,125,225,163,1,90,168,166,206,83,112,137,184,24,243,29,13,92,161,167,60,32,152,0,55,213,168,228,136,103,30,49,66,8,111,188,90,107,68,154,56,247,207,119,144,187,128,13,185,164,239,38,221,236,232,225,44,139,93,118,17,123,24,212,153,103,210,67,132,3,54,116,190,207,222,210,56,50,189,202,249,79,75,72,3,90,168,150,105,255]
CFO=11567.46703136327,STO=2
SNRdB=24.36,TXPdB=2.5
packet_number=41,correct=True,payload=[0,1,2,3,4,5,6,7,8,9,10,11,12,13,14,15,16,17,18,19,20,21,22,23,24,25,26,27,28,29,30,31,32,33,34,35,36,37,38,39,40,41,42,43,44,45,46,47,48,49,50,51,52,53,54,55,56,57,58,59,60,61,62,63,64,65,66,67,68,69,70,71,72,73,74,75,76,77,78,79,80,81,82,83,84,85,86,87,88,89,90,91,92,93,94,95,96,97,98,99]
CFO=7871.8523082762395,STO=2
SNRdB=nan,TXPdB=2.5
packet_number=42,correct=False,payload=[128,0,13,66,74,165,134,28,21,142,140,23,104,159,108,166,39,7,20,230,113,72,54,58,5,91,189,113,236,124,230,115,141,122,140,194,23,98,50,177,152,142,223,188,206,110,74,253,219,49,227,181,149,240,4,243,190,50,130,142,197,231,35,125,235,185,13,22,77,21,71,96,84,163,122,210,42,160,133,44,36,84,62,32,143,39,199,51,43,233,185,77,146,26,203,72,103,175,166,186]
CFO=11610.825451669465,STO=1
SNRdB=24.38,TXPdB=2.5
packet_number=43,correct=True,payload=[0,1,2,3,4,5,6,7,8,9,10,11,12,13,14,15,16,17,18,19,20,21,22,23,24,25,26,27,28,29,30,31,32,33,34,35,36,37,38,39,40,41,42,43,44,45,46,47,48,49,50,51,52,53,54,55,56,57,58,59,60,61,62,63,64,65,66,67,68,69,70,71,72,73,74,75,76,77,78,79,80,81,82,83,84,85,86,87,88,89,90,91,92,93,94,95,96,97,98,99]
CFO=11590.639396759923,STO=2
SNRdB=24.28,TXPdB=2.5
packet_number=44,correct=True,payload=[0,1,2,3,4,5,6,7,8,9,10,11,12,13,14,15,16,17,18,19,20,21,22,23,24,25,26,27,28,29,30,31,32,33,34,35,36,37,38,39,40,41,42,43,44,45,46,47,48,49,50,51,52,53,54,55,56,57,58,59,60,61,62,63,64,65,66,67,68,69,70,71,72,73,74,75,76,77,78,79,80,81,82,83,84,85,86,87,88,89,90,91,92,93,94,95,96,97,98,99]
CFO=11796.314416779316,STO=6
SNRdB=22.92,TXPdB=2.5
packet_number=45,correct=True,payload=[0,1,2,3,4,5,6,7,8,9,10,11,12,13,14,15,16,17,18,19,20,21,22,23,24,25,26,27,28,29,30,31,32,33,34,35,36,37,38,39,40,41,42,43,44,45,46,47,48,49,50,51,52,53,54,55,56,57,58,59,60,61,62,63,64,65,66,67,68,69,70,71,72,73,74,75,76,77,78,79,80,81,82,83,84,85,86,87,88,89,90,91,92,93,94,95,96,97,98,99]
CFO=1480.7490824178178,STO=3
SNRdB=nan,TXPdB=2.5
packet_number=46,correct=False,payload=[8,65,137,90,11,12,58,146,4,171,170,102,104,97,226,234,155,145,129,63,207,204,59,106,237,53,204,94,100,55,73,58,176,127,1,80,70,136,77,111,61,30,211,20,222,124,201,248,253,249,12,162,163,210,219,201,255,162,91,145,227,35,201,196,198,202,135,250,59,251,194,179,144,22,187,16,217,177,3,114,55,145,97,252,33,94,32,8,115,146,235,15,21,128,3,68,202CFO=11824.530687150547,STO=4
SNRdB=18.91,TXPdB=3.5
packet_number=47,correct=True,payload=[0,1,2,3,4,5,6,7,8,9,10,11,12,13,14,15,16,17,18,19,20,21,22,23,24,25,26,27,28,29,30,31,32,33,34,35,36,37,38,39,40,41,42,43,44,45,46,47,48,49,50,51,52,53,54,55,56,57,58,59,60,61,62,63,64,65,66,67,68,69,70,71,72,73,74,75,76,77,78,79,80,81,82,83,84,85,86,87,88,89,90,91,92,93,94,95,96,97,98,99]
CFO=12077.492434886277,STO=1
SNRdB=19.05,TXPdB=3.5
packet_number=48,correct=True,payload=[0,1,2,3,4,5,6,7,8,9,10,11,12,13,14,15,16,17,18,19,20,21,22,23,24,25,26,27,28,29,30,31,32,33,34,35,36,37,38,39,40,41,42,43,44,45,46,47,48,49,50,51,52,53,54,55,56,57,58,59,60,61,62,63,64,65,66,67,68,69,70,71,72,73,74,75,76,77,78,79,80,81,82,83,84,85,86,87,88,89,90,91,92,93,94,95,96,97,98,99]
CFO=12260.770126252337,STO=7
SNRdB=18.23,TXPdB=3.5
packet_number=49,correct=True,payload=[0,1,2,3,4,5,6,7,8,9,10,11,12,13,14,15,16,17,18,19,20,21,22,23,24,25,26,27,28,29,30,31,32,33,34,35,36,37,38,39,40,41,42,43,44,45,46,47,48,49,50,51,52,53,54,55,56,57,58,59,60,61,62,63,64,65,66,67,68,69,70,71,72,73,74,75,76,77,78,79,80,81,82,83,84,85,86,87,88,89,90,91,92,93,94,95,96,97,98,99]
CFO=11583.364296656475,STO=3
SNRdB=20.75,TXPdB=3.5
packet_number=50,correct=True,payload=[0,1,2,3,4,5,6,7,8,9,10,11,12,13,14,15,16,17,18,19,20,21,22,23,24,25,26,27,28,29,30,31,32,33,34,35,36,37,38,39,40,41,42,43,44,45,46,47,48,49,50,51,52,53,54,55,56,57,58,59,60,61,62,63,64,65,66,67,68,69,70,71,72,73,74,75,76,77,78,79,80,81,82,83,84,85,86,87,88,89,90,91,92,93,94,95,96,97,98,99]
CFO=11750.511357932688,STO=7
SNRdB=21.53,TXPdB=3.5
packet_number=51,correct=True,payload=[0,1,2,3,4,5,6,7,8,9,10,11,12,13,14,15,16,17,18,19,20,21,22,23,24,25,26,27,28,29,30,31,32,33,34,35,36,37,38,39,40,41,42,43,44,45,46,47,48,49,50,51,52,53,54,55,56,57,58,59,60,61,62,63,64,65,66,67,68,69,70,71,72,73,74,75,76,77,78,79,80,81,82,83,84,85,86,87,88,89,90,91,92,93,94,95,96,97,98,99]
CFO=11719.362849405275,STO=0
SNRdB=20.53,TXPdB=3.5
packet_number=52,correct=True,payload=[0,1,2,3,4,5,6,7,8,9,10,11,12,13,14,15,16,17,18,19,20,21,22,23,24,25,26,27,28,29,30,31,32,33,34,35,36,37,38,39,40,41,42,43,44,45,46,47,48,49,50,51,52,53,54,55,56,57,58,59,60,61,62,63,64,65,66,67,68,69,70,71,72,73,74,75,76,77,78,79,80,81,82,83,84,85,86,87,88,89,90,91,92,93,94,95,96,97,98,99]
CFO=11553.399687585197,STO=1
SNRdB=21.52,TXPdB=3.5
packet_number=53,correct=True,payload=[0,1,2,3,4,5,6,7,8,9,10,11,12,13,14,15,16,17,18,19,20,21,22,23,24,25,26,27,28,29,30,31,32,33,34,35,36,37,38,39,40,41,42,43,44,45,46,47,48,49,50,51,52,53,54,55,56,57,58,59,60,61,62,63,64,65,66,67,68,69,70,71,72,73,74,75,76,77,78,79,80,81,82,83,84,85,86,87,88,89,90,91,92,93,94,95,96,97,98,99]
CFO=11708.797874851605,STO=6
SNRdB=21.40,TXPdB=3.5
packet_number=54,correct=True,payload=[0,1,2,3,4,5,6,7,8,9,10,11,12,13,14,15,16,17,18,19,20,21,22,23,24,25,26,27,28,29,30,31,32,33,34,35,36,37,38,39,40,41,42,43,44,45,46,47,48,49,50,51,52,53,54,55,56,57,58,59,60,61,62,63,64,65,66,67,68,69,70,71,72,73,74,75,76,77,78,79,80,81,82,83,84,85,86,87,88,89,90,91,92,93,94,95,96,97,98,99]
CFO=11762.780085229324,STO=5
SNRdB=21.18,TXPdB=3.5
packet_number=55,correct=True,payload=[0,1,2,3,4,5,6,7,8,9,10,11,12,13,14,15,16,17,18,19,20,21,22,23,24,25,26,27,28,29,30,31,32,33,34,35,36,37,38,39,40,41,42,43,44,45,46,47,48,49,50,51,52,53,54,55,56,57,58,59,60,61,62,63,64,65,66,67,68,69,70,71,72,73,74,75,76,77,78,79,80,81,82,83,84,85,86,87,88,89,90,91,92,93,94,95,96,97,98,99]
CFO=11601.694816841497,STO=0
SNRdB=22.31,TXPdB=3.5
packet_number=56,correct=True,payload=[0,1,2,3,4,5,6,7,8,9,10,11,12,13,14,15,16,17,18,19,20,21,22,23,24,25,26,27,28,29,30,31,32,33,34,35,36,37,38,39,40,41,42,43,44,45,46,47,48,49,50,51,52,53,54,55,56,57,58,59,60,61,62,63,64,65,66,67,68,69,70,71,72,73,74,75,76,77,78,79,80,81,82,83,84,85,86,87,88,89,90,91,92,93CFO=11638.376727234003,STO=6
SNRdB=35.78,TXPdB=0.5
packet_number=57,correct=True,payload=[0,1,2,3,4,5,6,7,8,9,10,11,12,13,14,15,16,17,18,19,20,21,22,23,24,25,26,27,28,29,30,31,32,33,34,35,36,37,38,39,40,41,42,43,44,45,46,47,48,49,50,51,52,53,54,55,56,57,58,59,60,61,62,63,64,65,66,67,68,69,70,71,72,73,74,75,76,77,78,79,80,81,82,83,84,85,86,87,88,89,90,91,92,93,94,95,96,97,98,99]
CFO=11614.805934135766,STO=5
SNRdB=35.90,TXPdB=0.5
packet_number=58,correct=False,payload=[0,1,2,3,4,5,6,7,8,9,10,11,12,13,14,15,16,17,18,19,20,21,22,23,24,25,26,27,28,29,30,31,32,33,50,35,36,37,38,39,40,41,42,43,44,45,46,47,48,49,50,51,52,53,54,55,56,57,58,59,60,61,62,63,64,65,66,67,68,69,70,71,72,73,74,75,76,77,78,79,80,81,82,83,84,85,86,87,88,89,90,91,92,93,94,95,96,97,98,99]
CFO=-12327.077982169776,STO=6
SNRdB=35.71,TXPdB=0.5
packet_number=59,correct=False,payload=[255,255,255,255,255,255,255,255,255,255,255,255,255,255,255,255,255,255,255,255,255,255,255,255,255,255,255,255,255,255,255,255,255,255,255,255,255,255,255,255,255,255,255,255,255,255,255,255,255,255,127,255,255,239,255,255,255,255,255,255,255,255,255,255,255,255,255,255,255,255,255,255,255,255,255,255,255,255,255,255,255,255,255,255,255,255,255,255,255,255,255,255,255,255,255,255,255,255,255,255]
CFO=2188.164225621713,STO=3
SNRdB=35.86,TXPdB=0.5
packet_number=60,correct=False,payload=[32,1,2,6,4,5,12,151,8,8,10,27,14,9,14,15,144,29,19,241,28,21,146,23,24,81,27,27,116,29,30,53,0,161,32,99,36,33,7,103,44,33,58,41,8,45,47,37,48,51,18,191,52,17,54,55,16,57,58,169,60,61,20,63,64,97,2,67,116,5,198,85,8,105,72,67,76,79,10,127,80,17,90,83,16,93,86,87,88,89,18,91,92,93,94,95,32,33,226,107]
CFO=4451.074911016675,STO=6
SNRdB=35.77,TXPdB=0.5
packet_number=61,correct=False,payload=[0,33,2,3,28,5,6,5,8,137,9,11,12,9,6,47,16,3,22,19,4,21,22,29,24,25,8,63,92,31,30,31,33,33,34,35,4,45,38,35,44,41,56,47,172,44,46,47,48,49,50,50,36,53,54,23,56,56,106,123,60,21,62,63,64,71,66,74,68,197,66,7,72,72,202,91,76,9,94,79,64,85,82,81,86,85,92,87,88,85,26,91,94,77,126,95,32,97,98,33]
CFO=504.03807866932215,STO=2
SNRdB=35.45,TXPdB=0.5
packet_number=62,correct=False,payload=[0,1,178,3,7,125,6,7,8,9,6,15,12,13,238,15,19,145,210,27,151,213,20,247,120,25,126,27,28,53,254,31,32,61,34,31,38,37,38,63,104,41,174,43,44,63,46,46,255,241,50,51,52,52,239,183,56,63,58,59,42,191,62,55,124,65,65,195,68,67,103,71,75,207,74,75,127,205,76,207,112,81,51,83,84,55,118,87,23,89,90,75,124,93,85,95,96,111,99,227]
CFO=-12494.306626261076,STO=5
SNRdB=35.92,TXPdB=0.5
packet_number=63,correct=False,payload=[255,221,255,127,254,253,255,255,255,255,255,255,251,255,255,253,255,255,255,127,255,255,255,255,255,127,255,255,255,255,251,122,255,255,255,255,239,253,255,255,254,255,255,123,239,247,255,239,255,255,247,255,255,254,255,255,246,255,255,251,255,255,253,255,255,255,255,255,255,223,255,255,255,255,255,222,255,255,223,255,255,255,223,255,223,255,255,255,223,255,255,255,255,255,219,255,255,255,255,254]
CFO=11732.37625704892,STO=0
SNRdB=35.98,TXPdB=0.5
packet_number=64,correct=False,payload=[0,1,2,3,4,5,6,7,8,9,10,11,12,13,14,15,16,17,18,19,20,23,22,23,24,25,26,27,28,29,30,31,32,33,34,35,36,37,38,39,40,41,42,43,44,45,46,47,48,49,50,51,52,53,54,55,56,57,58,59,60,61,62,63,88,65,66,67,68,69,70,71,72,73,74,75,77,77,78,79,80,81,82,83,84,85,86,87,88,89,90,91,92,93,94,95,96,97,98,99]
CFO=12467.58540840817,STO=5
SNRdB=35.22,TXPdB=0.5
packet_number=65,correct=True,payload=[0,1,2,3,4,5,6,7,8,9,10,11,12,13,14,15,16,17,18,19,20,21,22,23,24,25,26,27,28,29,30,31,32,33,34,35,36,37,38,39,40,41,42,43,44,45,46,47,48,49,50,51,52,53,54,55,56,57,58,59,60,61,62,63,64,65,66,67,68,69,70,71,72,73,74,75,76,77,78,79,80,81,82,83,84,85,86,87,88,89,90,91,92,93,94,95,96,97,98,99]
CFO=11711.717780721785,STO=7
SNRdB=35.73,TXPdB=0.5
packet_number=66,correct=True,payload=[0,1,2,3,4,5,6,7,8,9,10,11,12,13,14,15,16,17,18,19,20,21,22,23,24,25,26,27,28,29,30,31,32,33,34,35,36,37,38,39,40,41,42,43,44,45,46,47,48,49,50,51,52,53,54,55,56,57,58,59,60,61,62,63,64,65,66,67,68,69,70,71,72,73,74,75,76,77,78,79,80,81,82,83,84,85,86,87,88,89,90,91,92,93,94,95,96,97,98,99]
CFO=12434.703739378867,STO=4
SNRdB=34.96,TXPdB=0.5
packet_number=67,correct=True,payload=[0,1,2,3,4,5,6,7,8,9,10,11,12,13,14,15,16,17,18,19,20,21,22,23,24,25,26,27,28,29,30,31,32,33,34,35,36,37,38,39,40,41,42,43,44,45,46,47,48,49,50,51,52,53,54,55,56,57,58,59,60,61,62,63,64,65,66,67,68,69,70,71,72,73,74,75,76,77,78,79,80,81,82,83,84,85,86,87,88,89,90,91,92,93,94,95,96,97,98,99]
CFO=-10136.021598321386,STO=1
SNRdB=36.07,TXPdB=0.5
packet_number=68,correct=False,payload=[255,255,255,255,251,255,255,253,255,255,245,255,255,250,255,255,239,239,255,252,255,255,233,237,255,230,239,255,243,235,255,232,223,255,253,253,255,222,223,255,247,247,255,246,219,255,245,245,255,254,205,255,255,219,223,250,223,255,253,237,223,246,197,255,255,191,191,254,251,255,251,189,191,254,181,255,255,187,191,250,175,191,255,189,191,254,233,191,255,183,183,255,231,191,235,177,191,255,253,255]
CFO=12219.472146345763,STO=5
SNRdB=35.66,TXPdB=0.5
packet_number=69,correct=False,payload=[0,17,2,3,4,5,6,7,8,9,10,11,12,13,14,15,16,17,18,19,20,21,22,23,24,25,27,27,28,29,158,31,33,161,34,35,36,37,39,39,40,41,106,43,44,45,46,47,48,49,50,59,52,53,54,55,56,57,186,59,60,61,62,63,64,65,66,67,68,69,70,71,72,73,74,75,76,77,78,79,80,81,82,83,84,85,86,87,88,89,90,91,92,93,94,95,96,97,98,99]
CFO=-2403.393209902008,STO=2
SNRdB=35.93,TXPdB=0.5
packet_number=70,correct=False,payload=[223,255,255,255,251,255,247,255,251,239,255,255,251,255,247,235,255,255,223,255,255,223,255,255,219,223,255,219,255,255,215,215,255,191,255,255,251,191,255,251,247,255,255,63,255,255,237,255,255,191,191,255,221,255,255,247,191,255,221,223,255,239,175,255,213,255,255,255,125,255,253,255,255,255,125,255,253,239,127,255,117,223,255,223,127,255,221,159,255,223,111,243,237,215,255,247,111,255,189,191]
CFO=-3838.8020499372697,STO=7
SNRdB=35.96,TXPdB=0.5
packet_number=71,correct=False,payload=[239,255,255,255,251,255,255,255,255,191,255,255,191,191,255,254,255,255,253,255,255,253,255,255,253,191,255,255,191,255,255,125,255,255,255,255,255,251,255,255,255,127,255,251,191,255,254,223,255,255,251,255,255,223,255,255,251,127,255,221,255,255,250,255,255,255,255,255,255,223,255,255,255,255,255,223,255,255,247,255,255,221,255,255,247,255,255,221,191,255,246,255,255,253,127,255,254,183,255,255]
CFO=12481.339701849283,STO=4
SNRdB=35.97,TXPdB=0.5
packet_number=72,correct=False,payload=[2,0,34,3,4,21,2,130,8,9,10,11,4,28,10,15,16,16,130,19,16,85,22,18,24,8,18,9,28,29,22,31,32,5,34,35,34,4,38,5,8,41,34,42,38,41,14,47,48,32,34,177,16,53,182,37,40,25,18,59,60,41,62,191,0,193,66,65,36,69,68,67,73,73,10,73,72,68,78,79,80,65,82,66,68,85,86,87,24,72,75,91,92,53,30,90,80,97,98,75]
CFO=93.62174979890855,STO=6
SNRdB=35.82,TXPdB=0.5
packet_number=73,correct=False,payload=[51,153,188,63,254,6,13,248,14,11,254,31,145,243,246,19,246,31,255,224,62,48,98,56,58,36,62,48,46,23,255,40,30,60,106,63,195,67,194,120,98,59,206,209,206,119,222,55,219,156,202,32,98,35,255,224,102,44,111,119,211,246,118,40,123,250,127,128,130,124,255,9,123,140,206,112,115,157,157,152,186,52,127,188,181,188,230,167,155,191,173,144,247,164,127,191,61,148,190,192]
CFO=-12335.047484838842,STO=6
SNRdB=35.79,TXPdB=0.5
packet_number=74,correct=False,payload=[255,255,255,255,255,255,255,255,255,251,255,255,251,255,255,255,255,255,255,255,255,255,255,255,255,255,255,255,255,255,255,255,255,255,255,255,255,255,255,255,255,255,255,251,255,255,254,255,255,255,255,255,255,255,255,255,191,127,255,255,255,255,175,255,255,255,255,255,255,255,255,255,255,255,125,255,255,255,255,255,245,255,255,255,255,255,253,223,255,255,255,255,253,215,255,255,255,255,253,191]
CFO=-2928.77562972762,STO=7
SNRdB=35.75,TXPdB=0.5
packet_number=75,correct=False,payload=[223,255,255,255,255,253,255,255,251,251,255,253,251,255,255,247,255,235,255,223,255,251,223,255,247,223,255,239,223,255,223,215,255,251,191,255,191,251,255,255,187,255,255,239,191,255,183,255,255,235,191,255,187,223,255,255,183,255,175,223,255,187,175,255,251,215,255,255,127,127,255,255,255,247,127,127,251,237,255,253,247,127,255,125,223,255,247,223,255,117,223,255,223,109,255,253,215,255,255,125]
CFO=11689.729314781267,STO=2
SNRdB=35.67,TXPdB=0.5
packet_number=76,correct=False,payload=[0,5,2,3,36,5,6,39,8,9,40,75,12,9,14,15,16,17,18,19,20,21,22,31,24,25,26,27,28,29,30,31,32,33,34,163,36,37,38,39,40,41,42,43,46,45,46,47,48,49,50,51,52,55,54,55,57,185,58,59,60,61,62,63,64,65,74,67,68,69,70,71,104,73,74,75,76,77,78,79,80,81,82,83,84,85,86,87,88,89,90,123,92,93,94,95,96,97,98,99]
CFO=12430.414001125144,STO=2
SNRdB=34.20,TXPdB=0.5
packet_number=77,correct=True,payload=[0,1,2,3,4,5,6,7,8,9,10,11,12,13,14,15,16,17,18,19,20,21,22,23,24,25,26,27,28,29,30,31,32,33,34,35,36,37,38,39,40,41,42,43,44,45,46,47,48,49,50,51,52,53,54,55,56,57,58,59,60,61,62,63,64,65,66,67,68,69,70,71,72,73,74,75,76,77,78,79,80,81,82,83,84,85,86,87,88,89,90,91,92,93,94,95,96,97,98,99]
CFO=-1141.1620375773234,STO=4
SNRdB=36.03,TXPdB=0.5
packet_number=78,correct=False,payload=[255,255,255,255,255,127,255,255,254,127,255,255,127,247,255,191,255,254,127,255,239,95,255,254,221,254,255,127,255,254,191,255,255,93,254,255,255,127,255,189,255,255,253,255,255,220,191,255,253,255,255,253,255,127,254,127,239,117,63,255,253,111,255,253,95,255,255,239,238,191,251,255,255,175,254,255,207,255,255,111,255,255,123,125,255,238,255,223,255,255,255,238,255,255,249,127,255,253,255,255]
CFO=2668.5036823052064,STO=5
SNRdB=35.26,TXPdB=0.5
packet_number=79,correct=False,payload=[1,129,2,2,196,7,6,69,12,9,104,59,12,25,15,15,16,17,18,17,20,21,18,23,24,21,26,223,28,13,30,31,0,97,35,35,52,37,6,39,40,225,42,43,8,45,46,111,48,49,16,51,52,49,54,55,20,57,186,57,60,61,52,63,192,69,2,99,68,5,70,69,8,89,73,79,76,77,10,127,80,17,90,83,48,85,86,51,88,89,50,123,92,84,94,95,96,33,226,106]
CFO=-499.15277400750324,STO=2
SNRdB=36.13,TXPdB=0.5
packet_number=80,correct=False,payload=[103,111,255,254,47,190,71,251,251,250,31,214,204,31,243,246,95,222,223,227,225,226,59,250,219,239,123,238,23,222,215,251,253,234,63,250,188,63,79,198,63,239,52,51,220,50,63,218,181,63,255,222,39,255,247,219,255,218,47,247,237,47,255,246,43,255,191,147,134,146,120,255,187,167,159,158,115,191,151,137,159,158,96,239,171,191,184,238,100,239,247,209,183,54,104,123,63,149,255,254]
CFO=-11852.023147197233,STO=5
SNRdB=35.90,TXPdB=0.5
packet_number=81,correct=False,payload=[255,255,255,223,255,253,255,255,255,255,255,245,255,255,255,255,255,237,247,255,255,255,255,221,247,255,255,251,255,255,239,223,251,255,255,255,255,191,255,189,255,255,247,191,255,189,191,255,255,183,255,181,255,255,255,187,255,93,159,255,255,175,255,237,239,255,255,175,255,253,251,255,255,247,255,255,255,255,255,251,255,255,247,255,255,255,127,255,247,255,255,219,127,255,255,255,255,215,127,255]
CFO=11332.682124556235,STO=7
SNRdB=35.86,TXPdB=0.5
packet_number=82,correct=False,payload=[0,65,2,2,20,5,4,7,8,9,10,11,12,9,14,15,16,17,18,17,20,21,22,23,24,17,26,27,28,29,30,21,0,97,34,163,52,33,6,39,40,41,42,43,28,45,46,47,48,49,16,51,52,49,54,55,56,57,58,59,60,61,53,63,192,65,66,99,68,5,70,71,72,105,72,75,76,77,46,71,80,17,90,83,84,85,86,23,88,89,86,89,92,20,94,95,96,97,226,67]
CFO=12411.275241888337,STO=2
SNRdB=34.03,TXPdB=0.5
packet_number=83,correct=True,payload=[0,1,2,3,4,5,6,7,8,9,10,11,12,13,14,15,16,17,18,19,20,21,22,23,24,25,26,27,28,29,30,31,32,33,34,35,36,37,38,39,40,41,42,43,44,45,46,47,48,49,50,51,52,53,54,55,56,57,58,59,60,61,62,63,64,65,66,67,68,69,70,71,72,73,74,75,76,77,78,79,80,81,82,83,84,85,86,87,88,89,90,91,92,93,94,95,96,97,98,99]
CFO=11475.593397927521,STO=6
SNRdB=35.79,TXPdB=0.5
packet_number=84,correct=False,payload=[0,1,2,3,4,5,6,7,8,9,26,11,12,13,14,15,16,17,18,19,20,21,22,23,24,25,26,27,28,29,30,31,32,33,34,35,36,37,38,39,40,41,42,43,44,45,46,47,48,49,50,51,52,53,54,55,56,57,58,59,60,61,62,63,64,65,66,67,68,69,70,71,72,73,74,75,76,77,78,79,80,81,82,83,84,85,86,87,88,89,90,91,92,93,94,95,96,97,98,99]
CFO=12361.07050557659,STO=0
SNRdB=32.37,TXPdB=0.5
packet_number=85,correct=True,payload=[0,1,2,3,4,5,6,7,8,9,10,11,12,13,14,15,16,17,18,19,20,21,22,23,24,25,26,27,28,29,30,31,32,33,34,35,36,37,38,39,40,41,42,43,44,45,46,47,48,49,50,51,52,53,54,55,56,57,58,59,60,61,62,63,64,65,66,67,68,69,70,71,72,73,74,75,76,77,78,79,80,81,82,83,84,85,86,87,88,89,90,91,92,93,94,95,96,97,98,99]
